89 970 1316 475 489 306 15 265 190 319 614
78 335 67 7 36 753 68 133 62 44 40 22 12 532 160 1 34 7 118 962 13
1180 1189 574 161 2342 550 620 202 449 449 180 408
27 4 144 75 585 218 30 0 345 190 6 3 4 27 14 299 761 523 132 780 271 23 3 176
223 425 441 944 160 504 1 988 355 840 599 97 26 67 702
464 120 478 154 103 1255 17 59 7 22 105
94 26 70 16 68 392 20 472 70
156 181 249 72 504 310 473 269 1900 879 719 60 1175 569 588 571
31 678 799 614 246 169 799 31 678 1926 614 246 169 1926
40 150 587 156 181 404 592 50 7 879 1055 62 371 7 109 123 292 879 1055 843 259 899 658
1242 994 12 206 1189 127 13 1 20 25 28 116 1023 302 1106 154 90 886 56 165 616 509 2878
810 552 278 215 513 1264 86 331 475 311 30
462 26 36 158 405 309 97 165 457 25 79 170 179 357 492 349 188 541 187 132
510 156 418 499 382 109 805 181 1118 1989 484 36 453 1106 42 985 114 641 42 477 496
10 134 191 12 138 256 299 387 13 1091 317 33 104 33
971 1698 801 2014 36 422 9 10 247 584 39 358 380 247 584 5 130 563 1045 150 1642 1838 145
80 350 446 241 710 567 7 36 16 312 424 446 534 322 80 87 533 180 270 17 34 491 304
71 1118 94 1026 117 114 772 82 56 530 601 44 40 181 1118 1989 478 154 119 700 117
741 20 82 989 344 467 36 813 742 5 460 344 467 364 1097 88 1537 601 4 3 176 25 496
777 464 36 446 111 314 55 623 4 3 151 9 10 727 736 303 230 76 3 45 4 27 151
156 15 57 395 76 36 73 85 10 80 337 89 1691 89 1721 1460 16 89 1721 88 10
1524 2115 2115 797 1487 1850 114 278 1910 893 1923 528 524 528 80 270 68 219 1913 280 205
77 189 25 654 1310 29 65 1789 189 49 24 147 2009 7 187 367 484 377 527 630
596 156 4 4 30 769 1114 78 377 147 54 218 325 120 1283 181 280 205 24 255 252 378 805
278 208 584 925 1262 362 118 1268 895 1682 2101 2845 748 615 96 219 174 164 47 3 176 761 349
1012 245 194 112 8 1176 551 46 1 245 194 230 76 135
88 437 116 819 36 88 437 679 2209 44 771 407 739 723 213 5 432 407 739 9 10
278 199 237 108 402 382 109 36 278 199 382 79 60 221 1300 21
566 947 543 119 594 68 1080 340 29 255 562 1 82 15 28 378 155
32 3 3 3 52 78 951 148 121 14 716 29 156 181 644 741
137 100 73 61 359 1359 246 36 9 10 298 525 1 167 194 28 184 108 560 645 16 89 233
473 454 274 1503 4 3 241 33 364 20 136 94 1026 117 242 85
464 120 139 462 26 121 19 918 325 315 26 49 35 239 53 175 57 870 25 362 767
295 1607 342 65 206 603 992 184 1656 557 107 51 176 315 26 87 92
66 313 952 608 174 531 26 1022 9 10 520 6 51 192 520 92 2114 10 30 247 192
110 10 966 66 129 875 718 1055 1116 217 261 297 268 787 793 879 1055 82 54 856 23 91
1340 77 172 36 317 33 98 64 312 299 831 368 1413 84 363 15
50 30 728 147 180 387 391 322 695 2239 2225 1141 1145 251 728 32 176 180 387 1171 458
497 389 633 627 53 702 107 172 816 630 36 448 347 549 904 18 1333 222
46 118 255 72 225 20 93 9 462 36 118 61 16 1195 85 740 381 118 1615 255 562 453 26
356 551 73 319 24 599 7 36 65 8 840 246 1053 193 300 5 512 16 288 67
620 202 328 183 393 554 303 503 1160 496 1122 49 953 775 1262 2543
88 315 310 1290 4 47 47 45 27 176 88 52 71 111 856 321
1649 259 60 283 87 92 1289 825 384 22 188 1408 165 2430 2361 405 1169 33 134
311 30 179 329 625 206 541 314 50 1290 4 14 625 206 92 239 50 24 27 151
24 255 252 28 161 759 70 390 1653 667 97 355 36 1109 1112 977 454 1251 323 107 128 60 378 805
464 120 28 161 106 42 237 35 9 870 134 832 174 531 86 82 54 4 3 189 25 86 321
51 32 45 58 151 205 657 98 128 772 10 30 158 15 42 55 80 31 74 355 229 126
6 3 4 32 14 353 134 33 198 112 671 44 271 282 96 40 330 68 443 1686 103 1255
95 10 224 113 35 450 810 274 208 181 208 12 95 10 847 13 49 384 8 586
12 344 144 289 13 405 417 2315 130 899 631 307 326 118 144 33 134
24 255 252 241 33 870 1289 460 242 661 36 20 426 7 86 321 1061 34 531 221
413 169 1514 33 60 283 375 153 2976 203 1455 126 31 96 263 725 1198 322 96 124 346 126 25 79
1354 1192 480 46 333 700 36 223 425 200 477 10 87 2307 739 1683 1628 307 326 96 33
156 259 131 587 1911 444 1379 14 539
331 323 36 223 257 120 187 16 207 602 652 332 101 150 755 260 557 240 932 972
12 185 907 168 617 13 1 524 1406
9 10 2033 676 639 324 358 380 197 6 313 109 314 71 822 1020 4 3 52 435
177 220 16 207 89 16 20 592 714 804 5 241 33 119 26 220 1725 218 113
1015 454 24 1193 264 1149 869 1786 161 323
675 31 73 36 227 307 793 40 1626 1750 515 125 64 307 793 1201 1603
156 181 1739 383 115 798 225 628 747 60 1951 1175
217 228 25 76 1183 628 303 692 6 45 27 36 1312 1233 1440 308 22 12 125 1681 13
655 93 530 1591 1000 33 125 36 94 429 1355 1928 104 16 1376 544 74 435 364 528 80 74
514 500 1078 1680 502 440 180 16 373 220 12 383 203 344 2567 13 342 1072 548
9 10 1283 641 1452 122 570 259 1208 181 946 1076 390 60 283 1426 62
315 26 887 62 16 68 718 84 12 356 1105 13
845 271 25 12 56 1973 13 36 83 128 476 124 883 407 604 1915 203 257 904 1540 591
702 107 172 805 499 252 420 236 12 336 18 13
2177 579 91 1883 576 491 926 219 7 167 272 528 296 1664 926 41 108 402 343 28 828
336 684 176 88 52 145 868 626 323 1 89 75 162 1132 102 405 1686 903
9 366 651 22 425 1061 1224 60 666 1625 170
413 2179 330 57 61 359 309 386 272 526 131 46 1460 879 394 20 91 7 533 123
480 290 467 354 340 438 60 1146 886 56 36 29 262 2127 268 322 7 529 16 130
148 761 46 108 703 37 36 50 34 189 25 511 25 243 1306 971 1027 165 457 292 65 262
258 259 233 392 105 331 246 1612 340 1473 618 1146
46 5 749 217 208 237 252 347 252 441 29
372 42 996 97 10 30 325 40 118 184 15 238 92
1315 1786 1057 1308 647 36 1134 125 770 5 31 150 233 18 312 424 1 273 279
75 1134 125 770 840 735 175 133 1164 375 690 60 242 40 390 562 729 394 838 225
531 86 55 1199 1351 827 523 2653 243 456 411 1297 695 40 86 43 82 3060 609
882 7 144 933 242 367 412 584 307 795 1 46 957 1479
22 652 332 20 136 29 16 21 540 213 61 827 320 145
924 901 389 608 699 24 57 924 777 437 174 36 924 901 112 472 174 634 18 832 863 227 672 583
1197 284 16 805 12 635 69 211 13 92 2777 678 132 322 245 194 98 1418 177
246 562 28 146 73 76 1271 584 445 805 521 675 1174 242 383 7 36 110 127 218 16 231
413 2179 330 385 262 61 272 1204 923 330 305 573 306 5 305 142 648 356 248 532 160 237 435
1894 3138 734 36 494 272 239 716 29 25 79 131 785 39 9 177 117 18 755 64 299 49
1558 409 1652 733 310 103 1197 4 3 3 30 1268 895 211 452 139 671 215 207 9 10 25 79
19 289 30 118 142 827 320 1141 827 1268 958 55 180 111 317 23 58 14 46 393
1943 579 67 798 1703 383 0 249 72 461 1436 122 3399
1887 235 96 124 336 14 142 517 16 154 285 60 283 532 364 10 606 623 129 338
216 1417 847 1762 97 147 79 106 0 272 254 215 216 182 16 1076
438 79 36 878 293 251 420 496 168 333 145
456 411 1297 532 1 16 1701 315 26 180 741 1254 1993 20 192 46 180 581
699 419 491 62 699 1126 0 1809 451 1548 383 58 301 266 798
165 168 412 584 582 81 540 213 61 92 478 503 6 503 344 382 61 172 235 160 250 20 263
46 265 190 416 702 107 172 1817 390 932 1590
655 93 530 1591 1000 33 125 36 94 429 1355 1928 104 16 1376 544 74 435 364 528 80 74
186 88 10 108 402 103 211 215 29 652 332 145
136 284 494 111 336 327 1983 926 311 30 139 1111 461 18 664 1990 187 926 111
1122 136 162 1265 227 952 608 10 134 252 109 1656 320 309 131 156 70 154 201
617 161 323 66 313 241 33 6 3 3 3 274 36 9 10 12 142 15 26 13 407 2207 57 142
413 2179 330 385 262 61 272 1204 923 330 305 573 306 5 305 142 648 356 248 532 160 237 435
10 134 191 679 1060 57 779 555 530 481 34 12 5 745 13 72 674 241 33 229 87
817 192 66 10 7 15 269 143 213 86 179 329 370 245 291 35 1880 625 194
1094 375 833 36 223 425 357 1070 2821
61 381 277 72 651 328 312 875 394 608 538 36 758 89 68 40 381 527 619 1441
2664 919 36 6 3 4 23 160 375 420 191 307 793 317 46 997 35 1 63 460 602 539
93 261 36 110 10 206 1304 170 633 583 275 566 2451 73 85 7 328 185 206 483 1469
118 147 417 132 163 389 743 5 19 142 611 799 130 758 417 254 346 40 754 133 3987
1201 871 256 88 610 696 466 200 137 554 303 503 776 595 966 1263 87 4 45 6 176 88 52
76 785 520 80 139 94 30 618 274 1195 914 69 60 291 117 420 236 2551 1013 1815
307 316 350 147 1325 256 503 605 605 241 33 167 194 36 270 167 346 232 194 370 245
2942 246 46 1021 1719 539 642 108 560 1084 192 36 16 64 526 380 212 218 352 572 273 279
1144 459 778 549 60 370 188 874 555 139 3433 261 561 25 76 12 17 34 1076 35 13
451 224 423 1000 44 46 230 40 105 58 6 176 423 21 32 157 109 74 671 1374 2002
10 404 139 404 592 167 194 441 808 680 25 79 1072 791 271 51 40 61 302 390 53
76 295 449 208 638 29 65 12 295 20 511 591 13 203 165 866 854 126 183 221
92 435 546 668 963 1470 100 58 15 273 279 424 138 677 1875 40 972
417 1201 591 135 36 6 3 4 6 306 460 82 394 7 103 470 1 554 605 46 629
462 241 1000 1713 44 123 976 664 1171 2513 73 85 206 224 37 1000 443 193 91 52 106
344 884 158 1019 118 1193 25 79 727 1052 546 490 945 240 1180 1189 1193 1404 129 748 333 700
217 208 36 6 4 34 37 15 266 1212 618 70 1689 383 659 1178 29 27 34 694 382
816 449 666 609 24 31 94 754 250 1230 631 483 27 27 7 383 659
115 1170 416 1149 1341 595 527 183 625 618 1436 716 1170 338 607 139 22 487 207
57 115 302 65 115 302 453 56 1077 295 77 909 545 57 115 302 65 115 302 2192 659
181 208 243 239 620 2779 1591 349 101 264 139 352 349 946 1446 534 84 24 399 982 1076
206 7 4 63 27 51 14 492 32 3 50 52 97 315 26 223 121 270 496 4 3 3 52
1140 1895 475 395 1014 33 31 36 67 1555 1889 62 16 223 41 74 42 1467 416
702 107 172 805 9 10 676 313 36 1894 1583 290 1171 1487 676 612 0 110 127 3470 152 59 772
27 63 301 206 528 80 1978 55 338 69 1859 1917 545 1250 569 588 571
1206 516 452 125 71 71 20 61 271 4 3 77 38 859 751 658 260 471 169
88 464 36 337 50 9 10 7 102 18 12 907 862 2057 1047 13 1370 1466 71 16 1316 284 2133
266 69 47 301 38 139 64 2395 1706 30 115 433 182 7 4 51 14 56 226 2160 674 352 677
46 1277 575 316 12 2695 13 611 1007 910
916 25 24 161 295 129 7 70 875 26 100 261
9 10 601 179 1313 791 286 202 15 439 847 394 66 313 2035 81 162 464 1521 379 226 261
39 1864 69 5 130 563 1045 1 362 541 36 627 418 50 563 16 812 797 476 124
388 775 775 953 317 469 7 92 852 1150 36 223 425 75 521 606 321 124 242 367 935 124 124 458
1786 161 323 212 358 163 57 1 440 1103 1103 945 479 28 116 389 841 24 216 143
1330 355 167 851 669 145 8 263 570 258 633 40 1182 1232 285 210 0 65 1410 605 440 775 285 210
22 21 275 207 1 486 1042 46 31 338 0 355 1153 109 888 1216 1436 438 49 24 440 303 303
175 169 507 16 342 430 64 78 495 28 116 36 111 496 31 96 98 1 809 357 316 81
1227 490 953 490 11 466 696 503 114 12 906 1159 2027 13 529 794 698 840 1494 1421 227
1248 1249 115 181 208 403 532 716 527 967 1665 1919 124 90 225 6 3 157 557 225 4 63 91
148 1629 86 385 3004 40 669 16 702 1553 139 7 31 102 219 1325 219 340
510 153 666 1007 65 27 6 105 527 148 96 251 249 72 160 880 221 43 534
4 23 400 263 6 51 19 46 49 23 359 6 883 843 359 305 591 304 305 29 26
253 77 823 36 539 642 108 560 1615 112 568 187 100 2112
61 538 36 12 417 31 1161 13 17 733 53 7 120 18 794 239 18 387 940 352 538
776 189 119 482 982 38 508 70 129 748 1736 50 273 279
767 174 85 3487 845 413 56 405 1169 28 116 1141 4404 284
776 189 46 14 247 253 1157 190 19 486 553 32 6 85 885 253 481 342 826 1607 852 71 308
973 966 357 95 239 53 112 907 862 71 308 62 81 70 328 494 26
20 136 15 67 31 120 465 115 31 275 274 12 1214 266 115 13 271 112 50
811 797 139 661 135 1561 1370 1466 20 136 74 147 121 20 211 880 221
1078 1767 505 443 404 592 221 29 663 875 124 405 264 776 100 539 269 87 285 60 470 377
598 1276 1824 229 719 225 121 19 49 555 63 6 301 888 888 995 16 375 220
20 136 67 70 615 91 162 42 881 395 782 1816 663 281 78 350 1405 1043 362 541
212 14 692 6 621 523 63 58 91 176 9 10 40 66 313 539 642 492 232 197 5 15 10
973 4 4 400 263 44 40 305 883 843 456 305 178 497 365 27 359 883 58 263
4 400 452 133 62 12 59 1198 883 46 13 379 193 263 55
23 400 263 494 346 477 341 120 700 36 54 997 38 638 27 85 885 89 59 97 359
973 458 105 37 229 299 230 232 214 111 285 328 379 54
321 809 282 1459 108 560 29 235 1170 338 607 366 191 425 38 1012 179
131 579 2028 767 206 416 356 1105 338 69 618 739 535 391 262 1204 2357 67 31
973 5 606 452 309 12 334 9 802 866 13 491 155 684 52 1672 334 27 3 419 563 1256 1045
61 538 36 1836 15 80 171 28 616 371 824 594 68 275 207 394 360 113 227 545 1261
118 502 787 105 3461 324 1314 115 2000 177 973 615 226 549 1369 967 225
54 395 378 35 581 694 892 546 892 546 1411 953 503 324 620 419 449 87 105 1103 818 479
478 87 123 730 1840 36 405 1 468 40 107 51 176 88 52 736 815 478 87
290 2172 1755 1349 966 167 272 993 522 297 268 2594 2004 1828 180 387
2521 7 1 617 842 36 15 436 309 29 68 12 94 125 67 702 13 1 94 81 2341 70 289 326
407 320 40 10 106 247 34 119 65 85 465 537 203 1 426 91 7 284 189 25
822 1020 92 523 342 1280 203 6 3 4 27 14 46 68 534 70 108 560 312 846
522 268 54 183 97 437 753 68 118 268 344 467 350 377 474 474 4253 844
12 445 1466 581 694 13 65 262 980 228 763 320 61 302 36 445 318 224 198 16 445 207
376 170 92 478 255 562 826 1048 128 50 339 740 722 108 560 772 40 488
1087 228 5 266 69 271 25 267 1155 1426 115 798 115 433 737 138 273 64 16 64 435
1219 71 1 576 491 3942 169 2883 21 1034 169 763 320
379 107 1458 3247 238 36 100 83 717 704 119 493 1178 349 336 684 50 91 52 569 588 571
1021 39 1824 298 5 448 95 395 70 116 62 60 112 856 4 27 3 3 3 52
5 577 132 70 25 2057 884 156 181 10 493 70 216 472 699 725 260
12 246 169 29 609 258 22 1629 10 269 599 13
426 86 9 77 67 31 826 12 77 933 617 13 247 333 459 840 1635 69 1680 279 461
196 385 32 195 733 310 118 297 309 1446 20 1165 266 125 917 368 39 473 1063 1063 590 220 2011
12 179 265 932 972 13 102 40 387 174 1080 806 112 979 117
12 472 651 1592 13 57 2772 36 9 208 44 826 2049 135 163 14 145
1186 1016 97 29 284 405 417 230 76 9 2295 635 446 218 153 44 1709 100
22 652 332 133 62 1 1345 821 385 168 526 43 526 15 145
2508 809 30 2492 207 1402 2370 345 636 36 271 341 15 485 536 250 586 44 60 38 269 1206 2236
526 623 526 215 334 576 92 229 87 4 3 14 43 82 1691 535
473 495 1437 294 552 131 237 252 420 236 406 129 390 932 11 78 335 573 112 1223 389
213 368 160 250 12 826 2395 13 1281 933 626 500
20 136 315 26 618 315 213 112 856 185 544 167 321 62 572 400 954 364 415 709 516
286 552 286 170 1008 213 133 179 188 541 28 116 428 1518 581 994 584 147 294 913 101 76
6 3 4 32 14 66 313 331 475 26 33 306 15 346 26 1331
639 757 66 313 258 766 25 79 971 40 408 523 1 19 105 223 425 233 543 145
540 213 61 1219 167 130 762 197 282 389 36 1411 466 39 1008 829 49 242 178
605 818 1177 892 1032 36 247 349 5 53 5 1 2559 86 303 6 303 789 144 276 440 1103 1103
635 446 241 33 125 360 9 10 446 124 318 422 187 138 477 341 1009 1028 95 745
66 313 303 466 25 79 1448 1166 1415 943 138 230 76 1211 583
266 69 22 364 31 515 206 711 2344 1161 1621 1107 27 3 270 1161 517 72 1146 530 1175
372 42 401 445 24 299 167 205 272 254 585 12 61 272 1351 405 1169 13 40 611 935 581 694
1140 1895 475 395 561 395 76 457 20 426 416 31 1283 510 131 123 395 76 1943 778 1232 1678
3007 4391 80 956 125 762 89 68 35 1439 1780 9 10 24 216
115 556 373 512 184 2501 383 628 185 2344 876 50 394 24 177 2070 1835
29 806 70 663 281 4 157 508 316 182 71
506 409 797 8 290 557 385 226 1258 2240 140 1522 11 612 39 114 375 86 366 191 1392 126
1338 199 309 26 602 73 294 57 1348 108 95 281 333 455 27 3 7 60 1093 1166 200 1687
284 353 1122 1341 651 163 778 2085 358 36 24 169 163 56 175 90 30
63 3 56 1742 126 60 1438 677 5 956 30 7 441 2875 64 18 1793 18 435 18 67 644
46 9 10 82 686 321 602 524 36 975 461 38 128 296 296 18 621 1486 233 2285 383 5 7
121 14 336 823 247 713 112 1187 1337 346 890 98 3928 1853
662 698 77 909 806 55 295 1816 676 313 79 340 677 40 645 324 115 302 2000 177
1030 368 259 62 1 53 133 43 21 178 334 259 137 709 247 934 440 23 27 3
521 510 916 811 1541 1112 12 776 1070 13 40 645
2377 864 178 5 405 1169 109 1571 23 3 50 34 407 2296
186 9 462 1188 268 371 1420 14 247 815 1188 268 788 268 6 3 4 27 390 932 46 215 135
311 30 36 123 122 608 538 640 1734 17 733 299 527 0 16 223 946 76 527 128
278 199 46 294 115 495 252 420 236 247 964 1705 36 12 658 1230 13 221 277 15 140 420 236
532 226 845 413 36 1530 1063 163 55 17 27 3 132 484 203
1002 295 4 27 34 427 188 210 210 76 55 510 258 1797 561 25 76 25 252 420 236 373 320
9 1219 849 463 22 425 16 643 194 145 137 100 73 36 29 26 7 155 226 53 300 293
1242 994 1068 19 389 608 38 128 2024 450 1 801 184 437 401 350 2844 1089 101 264
1317 160 993 805 290 278 258 259 60 1244 36 278 1943 688 135 16 68 270 1042 565 399
12 1495 3088 2079 2886 13 40 12 182 35 13 502 279 141 17 5 327 97 474
217 208 208 534 499 95 191 561 191 76 78 20 341 1158 222 1768 367 687 424 420
510 131 249 706 782 184 7 1149 9 115 1212 54 428 112 1739 483 122 175 79 2167 383
801 516 278 440 303 696 466 35 329 128 171 1093 508 2453 1172 383 98 31 57 1013 254
464 120 2264 9 635 446 71 260 308 111 285 863 1171 538 36 23 3 3 176 165 960 878 43 1
315 26 114 12 82 1275 435 13 10 241 373 54 523 822 1020 822 1020 86 152 1531 50
24 255 252 311 30 36 445 1466 64 55 424 177 568 187 170 635 68 534 245 194 224 232
750 358 357 36 223 257 16 54 183 110 104 17 639 40 1450 21
16 81 96 752 236 426 19 863 190 38 295 723 114 50 42 49 469 1239 505
66 313 82 15 1121 606 147 160 8 9 10 5 30 556 606 929 119 482 581 994 190 519
462 26 24 161 140 33 492 321 218 113 1093 26 343 95 165 457 348 25 79 504 138
7 80 19 93 1359 246 36 540 213 61 92 478 309 97 165 457 25 79 170
412 108 73 311 30 36 142 28 78 194 1376 138 233 18 63 3 3 3 176 48 332 50
91 244 20 25 899 1244 44 242 207 456 812 598 11 229 26 11 1181 259 142 384 458
286 552 23 23 176 52 167 272 1437 31 325 386 40 22 119 493 568 187 7
620 202 11 506 836 851 127 8 278 1910 1731 69 202 1 1168 994 3380 754
9 10 297 69 315 26 362 541 41 548 18 50 15 145
510 131 210 76 12 954 70 311 75 13 618 465 628 36 716 164 104 68 1235 567 145
78 335 512 14 93 1242 42 72 12 1244 928 190 519 13 36 50 237 1497 229 271 91 176
6 23 157 347 134 35 329 788 268 473 454 274 732 108 163 153
24 255 252 311 211 187 138 131 1277 24 216 281 519 89 68 557 10 641 49 24
142 679 187 651 913 101 76 1077 511 1672 628 36 2379 715 163 493 209 12 110 16 1384 16 64 13
376 873 189 9 524 12 275 46 13 467 2609 36 314 296 524 80 179 148 75 12 1940 13 190 232
9 10 780 1121 827 1268 211 1242 548 36 69 28 116 60 845 1079 1026 1268 895 83 176
243 601 1819 31 789 144 12 248 17 145 13 315 26 585 60 1218 1321 4 6 157
74 144 73 24 299 197 282 530 801 384 1248 966 316 350 147 458 486 723 714 10 88 20 1022
522 268 342 478 87 1825 368 36 138 230 1263 87 50 300 435 580 368 12 830 13 135 1838
9 331 191 36 156 181 334 308 9 1 282 2069 170 2649 43 94 510 156 1312 1233
410 148 28 712 92 218 113 820 1031 345 128 274 1139 1065 42 439 75 328 40 1278 135
183 221 36 248 17 197 5 269 148 2638 756 145 226 140 403 148 62 695 461 342 65
462 26 448 22 242 832 61 653 92 478 87 92 146 66 492 1168 890
183 221 36 817 40 241 33 20 183 14 558 689 246 170 331 475 92 478 26 33 423 82 50
12 1116 650 113 412 13 11 582 81 415 709 40 9 10 7 144 276 245 194 46 1211 583
456 812 598 36 338 69 379 1 184 263 39 110 368 1 16 5 432 16 547 207 218
6 3 4 32 14 1820 1079 955 502 123 440 180 379 583
88 832 174 636 455 200 57 12 24 1022 13 743 491 1100 292 83 12 240 285 263 13
206 1189 242 50 21 78 335 54 230 76 35 205 297 624 332 145
162 464 309 636 7 80 642 2318 496 55 5 474 36 148 42 96 111 285 44 65 887 541
10 30 73 252 277 76 1546 74 87 36 37 167 126 27 58 3 3 52
142 679 187 651 32 176 52 217 261 194 553 96 31 47 32 47 91 52 165 960
10 30 118 61 1567 242 80 87 665 591 247 157 256 80 87 49 299 182 34 25 79
12 494 565 13 443 393 12 1164 129 148 111 13 217 228 363 95 394 608 329
162 464 36 9 868 71 260 308 612 329 328 22 19 105 68 534 146 66 611 20 1628 935
620 1114 244 323 114 375 86 296 162 124 458 353 604 60 845 1003 719 328 297 624 31 551
1733 2291 220 1477 18 263 118 268 36 77 419 127 158 5 130 150 39 110 127 233 95 198
140 1522 1138 114 9 651 1058 517 29 528 651 1364 715 271 742 1167 318 422 155 426 936
857 323 244 454 444 137 204 782 259 608 1245 620 202 449 449 684 176 20 25
510 131 115 15 67 31 601 319 900 269 12 115 69 6131 935 13 569 588 571
626 993 1824 456 94 223 3634 1480 53 424 66 83 355 8 234 941 257 1442 21 178
12 1219 1815 511 13 328 1915 1440 36 306 14 292 468 74 49 24 147 710 870 457 51 63 151
10 96 1154 90 289 326 18 513 4 3 37 309 29 36 4
9 10 172 146 862 283 9 271 213 542 1092 86 245 276 328 37 548 28 161
941 257 121 4 743 58 1195 180 165 84 200 1583 9 789 128 180 111
57 554 736 727 229 87 7 36 162 1026 118 147 18 942 424 16 68 209 1 994 844 775 1411 727
582 81 1029 791 394 43 699 24 227 230 76 12 286 547 664 239 13 1256 414
924 901 826 43 12 547 579 330 13 512 783 210 583 725 1198 1991 3062 1054 550
980 228 249 72 947 2339 1076 947 115 249 365 36 1678 242 115 249 98 289 119 702 31
57 15 439 36 938 209 1017 323 244 1679 158 44 66 10 299 527 826 280 702 107 172 41 657
466 1005 466 126 125 2740 295 131 35 733 342 60 391 133 461 682
76 189 918 243 1498 91 731 916 2032 991 47 94 125 124 458 406 129 1024 1262
702 107 172 5 19 182 35 1792 138 292 43 971 14 255 562 12 184 263 588 13
162 464 36 9 10 625 206 187 132 255 562 89 68 82 686 105 37 44 574 161
206 1501 1767 557 721 1653 667 92 111 342 183 221 328 129 748 82 54 6 27 176 52 856 349
46 290 61 656 36 207 19 69 64 39 448 796 1755 1349 5 130 83
15 565 79 547 2715 1558 409 1652 64 50 283 513 278 1491 35 109 147 452
82 15 407 74 320 566 854 39 1056 1000 36 897 261 42 72 108 402 1511 1591 74 355 349
317 46 229 478 87 62 187 0 999 1374 80 171 87 105 163 575 71
307 989 579 511 25 2031 591 33 106 734 842 139 12 110 127 60 2291 409 50 323 21 13
464 120 139 507 449 454 88 250 1807 1893 381 111 9 10 198 88 10 989 58 27 151
118 502 60 1218 242 481 71 4 6 91 12 71 111 502 194 13 1050 163 83 145
7 80 19 93 139 344 1244 928 108 560 720 414 664 943 230 76 164 430 342 2707 1497
291 331 191 442 559 109 36 108 402 16 288 545 25 148 96 1398 1900 5 138 35 615
65 26 34 704 2462 22 74 1000 704 16 68 450 2314 104 1687 1134
716 939 382 109 530 315 26 767 165 36 77 1128 175 26 76 486 432 68 1275 435
868 626 323 78 335 261 397 66 313 197 801 1280 40 777 10
384 670 826 36 1209 108 402 175 14 369 218 1402 298 1755 1349 7 578 104 233 95 587 20 71
9 448 12 206 302 236 13 17 896 432 1534 31 1 145
456 411 1297 532 1 16 1701 315 26 180 741 1254 1993 20 192 46 180 581
1080 784 9 10 12 1977 189 13 36 54 1110 170 1443 1120 457 27 3 15 189 25
510 156 237 108 402 618 390 1653 667 183 221 144 400 36 112 135 531 221 26 108 1653 667
91 331 126 180 315 26 270 22 722 165
28 146 62 103 854 126 91 617 31 331 367 527 225
3138 508 70 194 183 401 5 578 42 117 423 41 4 47 52 781 77 38
91 331 2441 1707 964 12 40 976 321 13 25 79 267 1757 177 12 16 403 984 13
1206 516 49 853 97 79 194 539 642 238 92 877 877 550 79
2640 823 42 855 12 300 14 459 1387 13 121 425 8 36 393 183 725 260 17 125 2145 745
943 138 410 148 245 194 1091 511 25 884 231 865 6 3 3 63 14 767 423 16 35 342 65
22 425 290 409 763 16 310 89 9 10 61 258
1747 128 401 627 31 222 230 21 336 40
791 626 323 15 915 19 52 2318 496 1049 1657 23 34 37 1204 1275 4 3 176 88 52
258 259 817 578 16 246 169 26 22 44 12 500 661 13
213 436 258 766 44 84 47 37 23 3 19 8 444 137 204 20 25
217 208 51 37 130 12 58 6 77 38 83 609 643 839 13 165 207 404 334 570 258 603 889
1761 714 19 93 483 144 66 9 10 54 395 356 416 36 595 397 8 1053 1138 20 2509 661 9 10
5 759 15 436 154 87 94 125 60 283 18 86 219 119 60 628 22 129 69 74 355
32 37 345 381 511 591 671 18 573 154 140 377 381 36 834 283 360 111 233 95 565
63 4 30 148 241 57 142 577 132 492 539 107 91 176 52
813 1746 964 36 714 858 186 233 9 83 5 684 91
40 108 976 74 355 73 85 108 402 440 303 303 182 14 16 275 46 40 12 2353 1542 13
12 294 15 1748 13 716 939 36 255 26 363 67 489 442 559 145
426 189 410 1214 509 111 497 365 4 23 34 37 427 198 20 423
410 179 73 382 109 743 148 111 1376 138 64 423 511 25 2031 591 1494 680 71 72 876 2407
1206 516 49 853 97 79 194 539 642 238 92 877 877 550 79
286 454 760 1015 592 36 6 27 301 38 1 78 644 255 385 5 31
776 100 39 181 208 85 133 469 1115 36 118 147 94 179 254 346 826 43 2049 135
1242 994 797 31 1070 2821 36 204 1043 246 254 5 745 137 28 16 715 69 115
9 451 224 1011 556 9 1522 1077 511 886 56 1 12 1990 1998 13
71 235 18 204 77 67 356 67 511 1090 179 6 3 3 419 76 427 633 334 9 992 153
591 135 6 3 4 23 14 66 10 426 189 148 111 5 263 189 25 148 111 423 622 169 414
266 798 897 261 176 91 584 2217 778 549 64 340 122 314 253 243 30 6 157
1854 307 746 36 363 233 18 30 956 1 30 956 241 33
1437 357 119 33 142 1198 125 121 425 8 1296
164 319 2817 165 1908 36 110 168 256 28 436 153 1543
46 968 344 467 20 263 34 7 12 344 467 1586 846 155 13 368 602 2597 145
868 464 36 9 10 179 357 274 15 780 1121 136 437 193 300 430 64 6 3 14
136 409 1 12 540 213 61 170 13 385 562 68 733 40 645 145
97 126 12 56 426 91 731 13 38 269 617 298 1130 333
136 284 494 111 336 327 1983 926 311 30 139 1111 461 18 664 1990 187 926 111
46 14 217 228 1214 42 247 681 376 873 148 241 548 111 1245 42
303 692 554 443 622 167 2385 345 159 78 335 1225 548 142 577 132 18 513 216 49 1424 390 1064
435 1548 180 25 4 3 14 233 1275 20 592 956 1953 8 9 10 148 69 82 1028 1884
411 316 189 1 83 212 11 65 8 123 292 43 66 80 1416 148 38 269 328 558 352
617 298 30 956 36 223 425 271 526 5 34 358 495 16 1926 145
1527 186 246 1349 1349 4 63 32 63 14 130 762 4 63 27 4 14 737 390 9 60 1086 424
162 87 315 26 113 412 124 385 262 1245 729 92 9 10 584 7 697 618 1405 665
208 181 220 1474 570 847 681 961 236
182 73 252 183 568 148 42 537 239 292 43 328 18 275 50 511 25 46 108
290 2209 362 118 1860 118 312 1303 426 86 239 749 31 67 31 1374 2002 1014 33 586 471 33
9 136 42 96 40 816 1999 62 36 172 509 182 71 978 1275 4 176
217 228 73 85 30 76 441 944 322 433 69 12 8 30 20 67 13 94 429 356 433 69
286 454 1296 741 290 2345 112 1208 54 1049 814 294 561 913 101 76 1556 411 547 117 913 101 76
25 79 1607 1466 1012 1181 229 26 1030 461 1401
1206 516 438 33 898 656 416 262 408 845 413 36 67 31 28 134 109 246 109 22 125
1365 602 539 1395 110 127 64 896 332 75 15 155 149 1275 435
456 146 635 385 95 292 471 972 46 95 119 465 17 22 924 2136 2106 435
1536 1705 459 200 1696 77 172 601 29 74 90 290 10 1539 1976 208 799 292 390 53
1598 5 1385 36 12 196 1278 135 657 805 195 104 17 22 21 322 7 188 267 1267 431 13
946 146 189 202 103 84 1134 1457 208 1 28 49 994 844 36 497 433 69 150 375 153
9 103 524 147 1026 92 142 917 1576 312 307 326 554 605 565 79 379 41 306 708 184 284
311 30 743 5 263 189 25 148 111 27 14 106 1159 1702 189 25 170 193 300 430 23 3 14
156 181 51 3 56 28 134 109 271 47 40 310 22 94 429 17 393 167 126 98
2779 2618 1173 1173 36 12 48 306 14 0 18 21 86 734 0 141 1571 21 86 734 13
63 63 400 246 855 81 66 26 33 274 1482 144 933 158 274 362 568
601 1371 67 1552 488 641 925 743 314 37 403 420 435 193 300 336 481 684
358 675 371 824 1866 320 283 256 1121 405 802 4 34 1126 1161 1499 542 47 3 415 600 1055
300 115 2547 1054 880 507 60 778 1704 383
278 208 92 922 12 15 2884 290 409 763 13 160 250 480 591
3617 69 783 1007 695 12 661 71 2314 13 628 135 50 236 98 200 142 273 279
71 1118 494 272 370 245 219 100 375 504 102 732 26 282 722 142 722 509 958 1582
156 181 42 451 183 111 345 190 14 548 119 482
462 241 443 1000 804 240 10 18 481 15 26 36 54 218 14 1000 461 1089 1932 2516 729 316
702 107 172 805 499 252 420 236 12 336 18 13
217 208 237 54 333 121 19 49 333 90 246 125 279 36 441 944 29 31 1 38 269
1437 357 119 33 142 1198 125 121 425 8 1296
12 5 392 5 184 13 389 841 1046 240 46 1277 1015 285 451 184 14 548 49 179
384 10 6138 530 1134 1457 208 12 18 641 2281 925 13 36 248 8 30 18 641 42 248 141 925 145
1825 368 36 1050 35 17 575 330 56 55 5 34 60 856 1 12 54 100 13 145
142 446 241 108 560 227 1268 895 271 684 176 71 260 308 138 111 62 187 255 562 1482 107
977 1307 863 1197 27 14 66 313 92 478 120 289 24 31 21 652 332 145
943 138 410 148 245 194 1091 511 25 884 231 865 6 3 3 63 14 767 423 16 35 342 65
315 26 91 176 767 165 4 23 176 7 7 509 1784 1285 51 3 3 52
115 180 80 314 71 41 350 33 73 76 985 346 1890 1375 701 139 180 399 794 7 16 2346
602 949 2578 221 29 112 92 680 3008 271 318 949 2578 3304 784 16 41 2941 949 40 85
777 10 401 627 5 460 763 66 174 280 772 9 10 1042 259 28 939 19 219 939
1050 17 196 1082 2715 195 886 56 87 105 309 133
1606 1663 5 1433 382 4 47 14 498 998 37 37 205 1258 36 2168 8 235 20 1130 405 2037
7 291 73 743 946 1446 716 939 966 53 16 140 685 120 683 370 898 397 108 560
50 30 8 290 19 241 299 527 182 71 139 152 57 16 333 1240 1500 87
952 608 227 10 241 16 64 340 872 53 568 180 255 562 72 225 82 686 169 14 720 29 235
9 10 313 1054 215 358 380 1113 64 491 50 300 435 36 641 925 717 984 321 32 3 91
63 37 466 303 554 112 243 12 4 13 38 269 311 30 139 254 111 168 41 18 664 568 187
12 89 970 1316 250 13 1 46 213 368 164 18 50 780
1527 186 246 1349 1349 4 63 32 63 14 130 762 4 63 27 4 14 737 390 9 60 1086 424
6 3 4 27 148 42 96 144 933 16 35 12 716 29 125 346 144 933 13
9 10 124 458 12 1323 126 13 88 10 297 268 787
12 369 218 1 734 842 13 163 36 73 76 1 751 1890 68 733 112 1583 9 10 888 33
186 12 1569 213 187 13 379 256 12 213 1569 187 13 36 413 15 180 408 160 250 1171 458
742 52 53 7 80 642 615 58 45 51 56 691 365 55 26
20 512 14 728 147 93 261 271 58 40 16 422 215 93 261 16 223 2833 5400 69
7 80 642 66 313 415 709 531 86 200 477 597 174 10 493 170 57 26
2029 854 635 1405 2299 1714 514 1149 36 16 833 2231 428 686 501 18 7 167 2286 248
131 181 46 118 1541 65 660 948 188 146 1830 334 1456 659 4 3 71 101 660 271 4 3 130
115 798 29 31 56 60 1922 1305 1106 31 304 51 14
9 582 81 390 932 362 767 360 483 106 73 7 177 3457 3457 36 391 488 474 2233 60 946 1166
344 884 1011 109 937 238 411 618 246 170 899 658 36 60 283 2428 1523 1552 153 16 1470 100
20 136 25 80 94 24 61 20 2443 2558 12 16 1613 46 14 405 522 13
459 817 40 405 802 452 1063 889 1579 83 286 1592 203 9 10 497 1389 452 139 233 273 279
131 181 42 451 23 400 263 14 548 100 70 32 400 263 169 14 548 57 104 68 49 100
7 80 19 93 7 80 38 656 36 1077 29 12 5 1883 142 85 42 13 0 594 18 5 120 170
384 2637 105 962 3013 410 191 36 12 3013 21 563 1110 1347 16 218 75 13
156 181 138 187 28 137 743 198 49 70 72 674 198 242 70 627 418 198 28 137 1867 353
702 107 172 743 439 729 526 1964 827 526 430 64 3858 40 5 180 2313 212 602 101 317 33
15 101 264 36 344 884 9 10 618 74 147 224 210 183 221 185 18 7 428 93
115 69 8 142 34 206 28 163 171 1266 177 78 350 815 1702 275 883 53 239 677 2267 486
309 217 188 632 1217 31 81 1432 254 940 1348 456 69 150 39 1050 213 133 145
278 208 311 30 139 1759 469 1391 1629 1148 1287 228 680 1729 1833 56 2045 569 371 588 571
1558 409 1652 478 154 263 20 263 55 0 242 367 12 66 1423 153 906 381 13 172 235
890 98 1933 4726 4680 366 31 49 182 1134 435 651 72 366 191 36 164 18 275 674 1129 1
510 131 131 579 36 54 333 23 3 3 85 59 55 89 643 194 258 131 579
437 350 325 120 677 935 12 15 484 13 886 56 1 994 844
585 1237 1127 1596 611 702 107 172 701 986 240 473 454 274 701 986 935 254 845 413
338 798 366 191 751 331 336 40 890 338 445 107 268
266 69 721 315 26 678 132 16 207 314 157 492 4 52 435 139 64 48 432 492 498 426 91
75 3546 1447 440 1030 486 480 110 127 239 18 1 506 10 220 1149
63 3 56 77 909 2348 1081 317 33 309 613 4110 1229 581 694 1005 490 1346 518
266 31 54 333 90 2322 880 242 369 333 206 416 36 248 375 153 110 1216 17 1050 145
106 42 625 206 92 757 74 87 198 497 443 63 14 623 615 10 493 249 1757 263
88 476 330 305 1420 905 2083 305 461 18 1420 905 532 1420 905 27 52 4 2083 594 68 188 105
12 757 9 306 69 13 163 5 1340 300 4228 716 29 139 292 205 294 425 940 1711 569 588 571
1219 598 285 1576 323 0 223 425 170 312 1524 916 916 1 996 589 271 526 389 841 145
745 416 139 23 58 32 722 148 448 810 746 437 204 18 509 8 1563 420 1738 114 7 86 55
582 81 316 350 147 39 540 213 61 92 478 1 1293 550
40 150 1692 174 242 367 199 73 12 2348 1081 13
456 77 823 1060 741 36 540 213 61 661 1405 2661 598 202 1 295 596 385 232
75 303 692 1 831 670 363 25 79 0 42 309 6 6 45 23 151 1 1007 7 391 170 457
162 464 36 620 202 449 449 554 303 503 222 867 231 9 10 633 630 1 391 385
661 259 286 500 958 9 1235 2300 166 29 1 4 58 301 115 433
6 3 4 32 14 9 10 254 213 61 96 33 46 1211 583 240 239 75 72 256 591 135
526 43 526 50 115 227 40 22 30 768 78 335 415 1993
286 552 40 9 10 247 584 162 0 921 155 620 202 449 449 554 303 503 886 56 1 1442 30 127
76 38 171 75 118 69 96 124 89 68 35 1787 24 3634 4017 515
5 934 2996 58 587 62 1105 1196 38 8 2305 320 1456 1399
19 105 883 247 226 19 52 623 193 6 3 34 37 46 393
1171 400 221 93 261 164 68 75 366 188 973 5 986 1212 119 65 415 709 516 582 81 104 1373
2431 206 1 1070 858 17 776 189 1210 19 202 1 5 327 619 1306
1300 871 51 4 176 444 52 167 272 1180 354 165
449 199 876 224 35 15 472 695 461 98 50 22 15 67 31
440 180 330 56 49 211 521 973 283 1208 6 6 3 3 103 284
677 707 12 882 7 138 187 13 205 51 27 56 46 7 880 1949
1437 1082 15 100 113 412 137 418 1453 877 225 361 49 768
20 136 1185 516 216 121 49 821 47 32 454 500 15 1855 635 608 1647 12 872 269 573 2896 13
180 238 46 14 172 509 167 616 51 1828 366 651 125 279 373 423
746 858 98 50 19 12 1851 1640 13 849 1041 516 278 304 1194 2473 754 135
1081 950 8 1029 791 352 257 9 1500 1041 55 519 263 222 762 112 15
9 1219 10 707 51 71 76 527 258 18 513 12 82 484 13
1478 454 409 174 1822 742 52 742 180 317 4 23 37 46 54
2986 2591 1910 4 3 91 80 436 826 199 916 1492 454 1339 5059
61 538 36 692 6 615 426 91 176 200 1066 78 335 230 76 16 68 83 132 725 1745 229 87
54 1049 93 261 345 190 10 493 92 111 107 423 780 623
77 523 814 188 761 349 82 205 317 33 98 923 826
3485 4683 1695 1710 4 23 27 264 246 254 247 157 216 29 1033 217 6 1818 1269 2574 964 226
5 157 1392 6 3 3 3 91 827 349 4 4 721 747 60 1619 312 243 973
58 71 497 1389 606 452 85 452 271 4 47 3 3 30
415 709 516 508 718 204 18 263 55 4195 4812 5094 33 134
9 88 839 378 540 883 28 80 136 162 984 296 144 276
620 202 165 960 1061 474 200 477 336 577 132 230 4 4 3 151
115 69 242 7 219 2094 222 1522 335 366 31 139 44 116 95 670 387
46 68 534 70 24 216 2762 1009 615 312 481 15 461 279
175 175 61 984 296 618 1218 1321 87 92 146 66 1050 188 948
1170 338 607 385 226 167 370 1358 597 194 16 364 167 149
20 136 53 663 95 31 551 966 179 18 689 428 93 187 132
776 189 115 433 12 753 120 88 1047 13 66 1071 266 433
30 767 3262 632 62 572 1262 12 906 126 410 13 2353 210 53 126 410 494 187 547 50
5 86 1028 1884 1 1844 546 1718 546 610 1156 818 490 1103 892 355 1153 109 239 505 1 891 465
6 3 3 50 7 524 543 553 1407 27 7 942 1136 14 1304 82 77 98 27 6 301 569 588 571
1034 3032 247 243 239 196 1972 2329 195 508 1165 101 264 36 212 215 319 717 981 564 17 679 290
183 221 139 182 40 528 80 74 53 31 304 703 222 107 971 40 310 22 31 304 5 1328
10 134 191 55 24 1091 162 1026 943 230 76 222 450
207 1402 2370 292 43 24 216 93 261 36 118 297 28 116 16 342 94 40 5 120
449 2302 4381 409 18 7 1352 893 28 134 7 109 97 26 1369 967
1605 1114 500 454 66 289 96 124 44 119 65 12 1801 118 1455 81 13
196 60 312 545 1 1972 2329 195 32 37 106 42 20 1165 1034 3032 118 297 247 157 60 394 97
552 131 247 749 1581 411 677 707 467 1417 35 47 19 49 821 247 19 40 137 27 3 3 91
2083 2083 580 600 1034 169 189 59 172 80 170 11 275 38 995 1 2117 678 342 2023 484 1075
16 2352 75 25 79 133 638 43 445 511 25 12 1068 651 227 13
564 293 60 23 45 4 27 845 413 1 331 475 28 116 0 248 127 65 8 164 207 756 145
741 1254 1993 36 8 9 10 363 241 33 547 54 183 1361 1879 50 1504 258 766 15 535
2170 117 484 377 835 430 591 111 285 654 477 314 172 72 419 423 182 142 684 16 1795 836
15 50 155 9 77 229 87 98 16 951 154 1416 180
456 1210 977 1325 2095 1144 76 295 29 913 101 35 78 377 147 40 1144 390 187 1239 1019
1561 65 897 36 1375 711 1460 424 138 148 111 9 10 78 335 379 256 487 209 21 665
115 227 1 61 653 272 254 281 745 312 846
175 229 87 7 53 248 209 902 503 38 0 248 64 896 332 363
255 385 94 429 39 99 7 1 4 3 327 72 95
172 146 876 0 48 498 30 28 116 830 1 2081 132 18 135 15 21 178
554 736 466 36 6 3 4 27 14 66 313 331 475 4 3 15 345 636
720 157 317 33 98 755 375 1 4 3 34 475 1567
186 323 1463 617 265 190 831 670 1053 355 9 67 43 1 47 460 317 33 78 700
753 68 133 143 239 288 634 505 1 27 34 645 68
14 800 1167 36 6 3 4 27 14 800 7 350 377 481 15 1211 583
223 425 186 241 33 9 1 204 18 7 564 202 324 168 317 46 1339 431
6 3 4 32 14 306 15 65 630 341 118 268 1163 851 330 152
1340 4075 1114 36 1270 526 46 347 678 64 1362 20 144 276 170 753 68 170 405 70
378 35 61 359 503 1425 466 1177 1103 490 963 40 645 1 994 1148 36 363 119 700
830 391 503 6 503 36 6 3 4 27 14 496 168 103 470 1 12 70 13 241 1323 174 180
306 460 179 329 22 720 317 28 116 94 125 316 350 188 881 632 404
6 3 4 32 14 9 10 582 81 540 213 61 67 702 75 296 442 559 93 261
424 16 68 563 655 1 1045 1548 655 1 1658
2086 715 2295 2019 1 780 853 437 206 1174 1084 43 36 644 741 1168 1267 39 65 119 1808 1971
598 3028 12 379 56 211 13 36 549 1017 1552 757 7 914 593 1089 1235 187 1011
1097 1278 23 760 4 27 36 46 245 95 68 733 615 312 670 387 461
12 445 445 515 13 2216 8 53 1187 55 651
996 702 15 15 67 9 10 12 514 13 246 170
9 10 298 525 291 35 125 762 95 445 153 184 1 765 177 64 762
164 18 50 300 12 1354 88 88 13 250 1 1076 529 233 60 1242 647
322 46 427 188 95 40 1079 1269 165 2574 12 1877 667 13 663 95 661 133
10 172 36 401 445 61 653 1182 630 242 367 218 113 451 437
9 10 253 666 389 841 46 572 179
1242 994 196 5 184 256 199 195 36 5 269 600 444 266 7 1 529 431
20 136 93 33 325 386 361 160 250 1171 458 1537 601 142 15 93 809 357 179 187
459 10 82 56 1 115 3163 185 345 636 547 422 282 389 9 60 277 12 2844 10 705 13
1050 82 686 222 833 41 2315 130 1 19 105 17 9 10 1 5 15 1168 890 145
807 807 5 860 1066 43 0 23 34 37 15 338 69 233 21 1021 879
372 327 12 516 13 15 484 315 26 864 309 46 124 188 675 492 349
1502 1088 66 1 12 7 171 71 10 13 36 426 1294 1525 550 266 115 456 28 5 7 50 914
66 129 309 97 95 445 9 10 179 265 8 46 1277 1 119 1732
1079 451 26 33 16 688 308 1697 1276 454 4091 1509 141 64 12 16 134 160 33 13
142 30 1182 389 608 476 297 268 1322 1885
291 331 191 191 76 36 110 191 16 17 94 348 2416 1520 7 213 1167 368 974 1838 104 974 1838
312 844 306 801 749 142 9 66 35 93 261 36 12 23 51 23 13 72 225 89 172 1990 148 111
813 2177 743 410 148 28 712 92 187 132 430 64 255 97 39 317 46
990 669 1449 40 150 2298 607 339 152 618 33 125 12 739 1226 13 60 465 628 111 285 2093 1369
28 146 73 854 126 870 25 1379 661 362 767 66 129 477 341 22 786 101 183 221
15 497 28 161 249 286 625 632 194 75 618 465 628
576 547 1078 60 283 1782 268 96 124 120 700 2696 1660 257 69 68 565 4 3 3 176
576 1119 1 56 2094 36 223 121 1968 956 1160 496 461 244 77 419 336 85 163 5
540 213 61 827 320 2739 210 8 263 356 551 40 46 1140 136
1050 8 403 97 39 565 29 620 202 449 449 145
9 10 250 12 1416 46 13 425 38 519 20 1529 400
219 734 472 1658 452 9 219 734 163 506
115 227 106 1013 1060 741 36 5 34 186 18 41 219 1 83 355
540 213 61 47 15 317 229 1551 467 135 1029 791 82 634 608 329 118 147 82 1480 1204
146 1334 5 54 409 701 313 79 60 567 819 12 1537 601 319 897 13 28 116 2845 748 615 96
2445 20 1008 829 426 132 620 202 142 827 320 540 213 61 317 33 98 46 29 184 145
10 493 521 35 805 9 10 521 35 144 294 887 62 36 255 562 430 1224 97
74 26 229 26 391 488 1072 184 112 135 391 256 201 272 112 371 303 696 478 87 33 134
162 464 139 9 10 870 134 224 523 1984 477 36 292 584 453 710
77 419 8 816 132 324 312 875 886 56 36 324 54 100 3262 632 2445 123 16 2445 1262 1453 352
9 10 54 451 1822 97 816 449 9 449 451 184 345 89 26 227 442 559 93 261 102 744 81
9 582 81 288 223 425 123 245 194 98 12 955 153 113 13
1527 579 5 524 415 420 1017 1017 94 179 12 77 1391 1344 13
510 131 12 1660 602 15 456 13 1458 208 136 471 213 528 24 26 1157 190 761 349 107 23 176
180 391 289 326 1012 627 200 417 2993 160 9 10 87 105 25 79 12 863 92 708 1274 13
188 138 511 25 1480 1204 36 684 621 215 148 98 1911 126 1275 481 91 104 391 133
67 98 465 628 344 1244 928 36 16 1477 15 281 536 1244 928 104 89 59 1477 800 344 1244 928 145
473 454 274 36 1060 108 299 387 16 17 1060 321 12 299 387 13 21 101
977 437 77 1349 456 823 49 1748 36 522 268 755 138 468 1322 77 419 18 887 62 431 21 145
311 30 57 2772 473 454 274 224 113 742 796 26 481 15 215 135
473 454 274 40 22 1249 1630 35 109 5 30 317 33 28 116 472 21
88 464 36 9 10 42 192 271 88 10 1606 858 403 88 870 1 387 1129 677 1875 41 903 320
964 135 877 1448 9 792 154 90 136 2465 71 334
4 37 78 335 155 149 121 19 28 161 466 303 554 423 622 328 8 32 151 848 859
769 449 286 1748 2035 290 409 763 1405 159 44 691 365 309 97 494 187 428 1059
156 181 241 33 125 491 6 176 403 1610 541 188 321 328 22 281 1122 1070 96 704
7 80 61 36 382 72 50 157 200 12 451 2196 69 456 13 18 376 222
5 617 161 323 584 925 101 557 690 783 444 967 761 362 804 1262 148 96 87 92 887 210
314 5 264 179 329 0 150 17 43 94 238 764 1 80 222
532 226 51 3 85 32 58 128 36 12 15 416 13 456 598 1 2796 92 489
156 181 67 117 148 1480 423 36 509 111 271 27 91 82 54 314 172 244 23 32 91
197 4 51 128 36 933 511 25 0 462 26 164 35 29 458
535 706 36 9 10 78 335 224 232 6 63 19 271 88 145 311 30 139 12 16 1028 1884 13
292 43 156 181 68 385 22 5 34 1129 520 163 150 756 145
422 505 12 232 69 587 1532 13 1 816 132 35 17 55 5 34 9 10 756 145
28 712 92 200 370 18 50 461 36 169 169 17 110 1 435 22 425 110 363 16 21 125
218 450 197 58 128 36 312 846 336 9 66 35 28 93
473 454 274 29 657 742 796 142 10 167 324 21 652 332 1296
142 5 9 213 1320 2432 735 36 237 76 549 94 29 129 183 312 1866 1788 671 461 245 640
20 136 94 1026 117 342 352 142 1903 257 2916 81 46 5 815 255 562 49 299
61 761 172 235 695 12 14 103 13 36 156 181 342 65 12 82 789 729 13 172 235
10 7 245 194 174 1510 25 390 1064 147 124 526 989 526 207 565
6 3 4 27 14 19 105 759 70 28 116 64 8 9 10 312 424 15 1361 1879
33 106 139 200 57 375 1318 547 758 9 318 46 259 399 289 326
626 993 1824 1 12 220 1149 350 377 13 22 425 471 972 145
12 576 547 1078 2696 1660 13 39 286 1048 1048 12 1398 733 13 896 332 89 68 492 304 145
66 10 108 612 347 252 1315 514 172 36 101 0 363 104 89 59 425 755 209 569 588 571
902 953 930 1262 633 630 887 62 0 497 1525 1946 902 775 440 1 1015 592 141 43 1444 1667 21
105 749 769 323 585 82 306 790 990 943 1 689 339 0 55 470 163 57 215 48 202
48 293 28 116 385 168 16 5 432 21
810 274 208 106 73 1193 264 36 181 208 164 44 12 691 365 602 2438 101 13
307 599 46 290 188 541 162 87 180 208 1664 381 581 994 87 92 126 79 500 423 508
564 293 14 554 605 26 33 1 390 1653 667 225 459 298 409 123 440 692 736 1 1320 2002
66 313 462 26 1510 25 230 267 119 254 576 92 403 30 1480 1204 2034 548
989 228 1887 235 82 56 1500 550 98 36 23 3 47 30 62 572 886 710 1 87 105 1584 2022
285 1576 500 36 5 34 813 71 957 880 20 211 611 435 1 836 2343 61 359
181 1989 366 188 540 100 615 210 1918 2170 215 515 89 156 181 93 377
1897 1114 55 183 868 626 323 656 341 1293 12 1382 1383 341 13 553 5 474 163 1937
156 181 15 799 94 410 148 29 65 15 198 713 1152 272
47 3 30 554 303 503 241 33 558 718 555 221 136 100 648 147 85 397 1500 243 27 321
9 10 297 69 315 26 36 5 105 16 667 2751 2112 1 305 2244 2079 984 305
40 124 446 245 194 704 142 497 423 608 329 36 446 111 342 623 104 270 1407 55 704 21
1134 1318 997 60 221 328 1242 315 26 108 147 932 972 1120 69 201 448 219 849 34 225
108 134 344 467 23 45 3 38 269 36 382 80 540 81 1 12 82 56 5 28 202 13
16 64 1070 1601 1117 1117 1008 829 1492 174 75 46 491 432 715 410 63 3 56
900 993 3875 342 1627 15 1660 809 357 268 697 2845 748 12 1671 872 13
1749 1385 284 1221 36 110 8 413 15 325 386 695 41 1 15 101
12 9 10 250 13 366 255 340 312 358 380 227 461 279
103 84 8 9 77 67 1170 338 607 217 1581 376 126 49 216 330 378 356 551 1 222 450
235 464 36 813 514 2331 361 19 352 1142 657 235 292 450 286 459 990
42 113 20 1 12 780 549 13 177 1339 20 1 12 107 1706 13
162 464 36 9 10 566 285 370 2734 573 112 10 1148 1547 221 292 470 377 296 284
24 255 252 183 221 315 26 1653 667 36 654 1310 1182 167 194 270 167 194 16 353 134
462 241 161 568 540 213 61 92 478 9 635 170 1270 380 213 1875 2146 617 415 709
63 4 27 51 711 28 116 361 19 184 590 58 37 63 19 44 1283 444 20 25
311 657 1342 977 466 696 503 2577 1071 669 36 20 25 56 1 184 896 332 379 145
635 1507 91 331 2344 16 83 306 14 1966 635 2902 36 5 14 450 85 1318
106 42 212 14 27 47 30 507 341 606 452 125 81 12 443 507 13
46 199 750 108 402 174 1822 888 534 219 719 573 3225 2811 461 2549 888 1004 12 2195 1121 13
462 26 539 642 108 560 713 35 143 1221 18 971 277 385 170
490 303 1032 518 668 479 47 600 444 618 695 699 1416
92 111 767 623 317 27 47 34 37 46 393 9 10 782 92 15 807 60 376 722 6 3 151
440 303 696 466 472 21 50 300 9 10 124 458
1034 2611 68 534 913 101 76 619 690 278 1436 438 9 635 446 932 972 1882 225 362 804 292 172
2293 242 119 702 31 64 453 492 27 3 91 385 226 648 2207 1132 296 557 721 663 281
160 15 167 272 172 146 101 264 36 10 49 26 32 32 3 176 1158 144 1513 431
307 32 86 156 181 7 407 55 188 138 5 511 591 401 34 485 117 18 498 426 722 148
1696 77 172 36 1458 3247 238 17 461 168 1701 78 335 1 602 594 110 16 1701 270 68 938 1701
464 120 36 12 1789 189 538 13 102 615 96 48 5 578 1789 189 755 260 601 304
162 464 36 19 105 4 781 58 410 148 334 779 40 12 1789 1228 13
390 1133 435 119 482 921 614 328 342 820 255 2506 410 142 578 12 54 887 7 685 13
2321 579 182 54 9 31 140 520 31 55 115 1212 185 794 1311 433 69 1668 44 122 1428 383
1370 1466 379 21 0 445 1466 1 825 1482 431 16 68 379
144 761 471 568 123 148 111 581 502
1299 3071 12 581 225 13 68 733 453 12 1155 55 715 7 13
426 132 174 309 12 426 24 18 766 13 436 1239 118 297 1 12 576 92 38 269 13
376 873 291 188 238 92 60 845 49 1243 847 139 75 84 229 87 16 663 281
507 493 970 526 36 38 413 48 34 1298 7 1435 593 1094 1578 223 637
156 15 1806 14 93 697 65 393 341 982 1076 92 523 321 192 1455 1182 16 480
230 76 123 104 33 1 46 1907 1611
552 131 74 42 899 658 1245 51 729 36 1703 1139 2629 754 56 1 172 1427
206 708 400 5 460 763 223 121 40 474 26 763 168 1674 43 156 181 184 1083 1327
1279 220 1681 1566 1 886 56 434 434 9 10 1279 220 336 15 1278 135 788 268
620 202 27 45 58 176 88 52 165 960 2270 24 18 222 946 1166 20 25
1008 829 810 1071 762 36 582 81 170 394 24 464 120 240 350 377 120 289 385 562
318 1017 167 272 1252 378 38 93 1 1607 1454 538
1050 81 21 290 409 763 1 14 558 689 145
971 1698 801 2014 36 358 380 27 3 3 274 0 9 87 155 232 83 426 1 910 123 1507
88 1359 36 9 10 53 199 72 246 170 2433 946 12 574 389 13
1206 516 452 83 296 44 49 875 36 550 677 83 296 39 83 358 691 795 453 455 203
315 26 15 1464 435 1806 1397 535 144 400 1146 872 12 299 203 13
413 15 325 386 401 120 20 25 1825 368 36 788 268 413 15 12 213 1569 187 13 92 568 717 588
344 452 219 95 439 75 415 709 516 709 349 1137 754 97 126 2303 389 536 250
2568 19 12 42 456 13 505 205 2696 2344 511 25 129 748 46 5 815 1133 458
94 464 120 661 525 1 6 3 4 32
1050 81 21 290 409 763 1 14 558 689 145
573 306 5 1226 841 36 175 61 272 1204 695 20 12 441 944 975 461 1187 13 38
142 507 305 547 69 305 35 941 257 466 696 503 743 172 603 964 21
797 31 656 1714 514 1149 91 599 420 36 599 162 163 222 17 64 883 1041 9 462 125 770
426 132 4 63 176 88 52 201 272 63 4 219 263 821 56
501 480 382 79 36 382 109 200 1687 8 84 17 733 1376 491 435 670 632 103 289 61
156 181 641 42 167 126 615 495 735 318 1785 148 241 5 263 189 25 342 1619 516
32 727 44 392 43 582 81 540 213 61 827 385 145
22 652 332 64 256 1082 10 224 113 459 500 309 377 9 10 54 451 475 489 145
675 31 73 73 76 813 3984 1777 538 366 255 36 12 342 376 1 203 141 64 2328 13
12 992 286 13 184 20 1 9 10 620 1606
1145 108 252 36 370 245 761 349 165 457 55 494 1009 309 29 740 722 1059 482
1916 2611 36 9 10 120 187 55 0 241 33 30 16 17 590 109 17 535 436
473 2148 2915 36 148 42 96 55 1199 1211 583 789 128 106 461 1510 391 214 16 35 2031 591
7 80 19 93 142 273 156 181 42 451 17 733 288 183 111 36 412 108 710 814 16 130 21 756
896 432 594 68 322 810 698 250 661 92 184 1603 379 16 100
146 823 118 62 36 74 33 568 187 1 1136 513 98
269 143 252 109 805 66 129 376 170 255 562 36 103 1255 163 14 103 1255 8 878 338
427 188 73 211 364 520 80 24 12 683 308 2044 13 221 1065 867 43 534
9 10 12 54 167 126 13 1 66 313 138 192 36 123 131 448 116 62 74 87 226 175
2571 257 605 1005 1160 496 47 3 176 0 120 187 106 1 15 1995 317 46
801 339 281 138 237 55 1 435 0 372 42 150 491 878 338 212 21 145
797 1647 1242 994 462 268 125 793 74 87 36 110 5 14 150 292 450 168 68 790 41 6 51 91
2568 19 521 675 1174 36 246 562 38 428 93 711 549 390 562 729 483 122 60 1086 424
15 67 31 538 246 269 974 1182 630 1242 994
112 1924 242 631 0 12 576 871 655 13 1625 425 697 697 168 133 145
510 131 28 80 29 126 609 251 264 776 595 1060 170 1861 4 384 143 89 343 23 251
375 998 82 8 998 1 155 149 17 652 332 145
1794 1794 842 522 261 730 248 0 223 425 165 75 1248 1249 177 322 75 296 3004 3004 2289 435
196 507 493 970 526 195 202 1 661 1484 39 1690 1484 532 1 492 8 756 145
384 5442 36 753 1577 189 25 218 30 22 238 764 445 113 615 279
1411 727 466 291 117 1 2239 2225 36 223 425 322 144 276 243 1084 12 532 129 152 13 145
88 386 61 456 799 36 4 3 3 3 176 16 17 652 332 461 101
121 14 102 18 47 32 30 303 6 303 61 761 172 235 2301 33
142 577 132 727 736 303 230 58 45 32 151 317 4 32 577 132 46 393
714 804 444 242 615 123 20 136 444 1 131 156 85 380
23 37 466 303 554 423 6 45 32 151 430 340 725 1198 2057 884
1516 949 783 101 264 53 9 19 78 335 297 624
620 202 449 449 1100 55 620 202 552 20 263 1029 791
413 169 476 124 1776 2581 14 96 89 513 244 4 45 27 91 1234
2508 262 666 2492 10 162 545 7 262 659 665 450 762 1413 22 756 145
1050 43 22 9 10 540 213 61 75 296 142 387 188 881 632 404 145
20 136 30 170 212 14 978 165 51 176 230 417 299 1166
30 118 311 33 452 350 167 230 76 978 165 960 55 1199
146 936 28 161 197 142 815 1244 928 72 225
186 12 20 136 620 1414 880 164 4 63 14 1591 870 13 209 130
142 46 180 121 20 25 2535 20 2535 143 65 328 2197 548
344 144 27 45 3 717 20 263 46 230 415 709 645 68
702 107 172 8 306 801 749 9 462 495 252 142 157 66 35 20 24 143 112 64 955 502
156 181 1170 477 77 97 112 135 395 64 137 155 306 91
2088 181 1647 36 118 297 17 34 88 1016 1 661 1484 196 356 778 195 297 624 358 380 535
3057 118 1419 328 44 60 1206 2236 68 232 844 132 275 54 1 3922 118 1419 1752 15 583 204 1211
298 323 500 219 2647 2631 881 1095 83 355 89 59 275 1060 321
1446 43 1 2210 81 696 1005 593 17 76 146 6 58 349 46 68 534 70 389 841 1 130 135
196 1189 1995 669 940 27 195 504 138 1291 128 23 37 4 32 19 66 10 20 1165
1050 322 12 15 416 13 703 71 587 145 246 170 932 972 1656 2469 382 109 932 972
33 106 7 209 36 937 238 411 39 661 2324 348 1049 41 1926 0 17 733 68 1210 212 575 43
229 87 1106 1 1314 7 78 335 36 854 1104 7 392 43 532 92 556 315
376 873 176 52 341 930 696 736 241 33 863 1197 1139 19 55 74 7 1266 114 206 603
411 796 87 534 241 33 36 317 367 172 1422 1 66 313 316 350 536 250
991 692 114 1121 124 458 353 604 1337 2881 1003 232 271 318 50 157 517 636 16 154 285
344 467 565 133 62 46 968 64 255 26 145
92 2114 315 26 608 329 224 73 204 8 42 162 987 1132 505 238 92 82 405 169 14 316 391
810 274 208 1128 1948 899 658 165 75 468 464 120 83 510 1195 957 145
9 854 722 65 353 134 167 194 54 244 23 3 151 28 712 92 65 346 471 661 1484
